0 0 3226 0
0 1 3226 0
0 2 3226 0
0 3 3226 0
0 4 3226 0
0 5 3226 0
0 6 3226 0
0 7 3226 0
0 8 3226 0
0 9 3226 0
0 10 3226 0
0 11 3226 0
0 12 3226 0
0 13 3226 0
0 14 3226 0
0 15 3226 0
0 16 3226 0
0 17 3226 0
0 18 3226 0
0 19 3226 0
0 20 3226 0
0 21 3226 0
0 22 3226 0
0 23 3226 0
0 24 3226 1
0 25 3226 1
0 26 3226 1
0 27 3226 1
0 28 3226 1
0 29 3226 1
1 29 3226 1
1 28 3226 1
1 27 3226 1
1 26 3226 1
1 25 3226 1
1 24 3226 1
1 23 3226 1
1 22 3226 1
1 21 3226 1
1 20 3226 1
1 19 3226 2
1 18 3226 2
1 17 3226 2
1 16 3226 2
1 15 3226 2
1 14 3226 2
1 13 3226 2
1 12 3226 2
1 11 3226 2
1 10 3226 2
1 9 3226 2
1 8 3226 2
1 7 3226 2
1 6 3226 2
1 5 3226 2
1 4 3226 2
1 3 3226 3
1 2 3226 3
1 1 3226 3
1 0 3226 3
2 0 3226 3
2 1 3226 3
2 2 3226 3
2 3 3226 3
2 4 3226 3
2 5 3226 3
2 6 3226 3
2 7 3226 3
2 8 3226 3
2 9 3226 3
2 10 3226 3
2 11 3226 3
2 12 3226 4
2 13 3226 4
2 14 3226 4
2 15 3226 4
2 16 3226 4
2 17 3226 4
2 18 3226 4
2 19 3226 4
2 20 3226 4
2 21 3226 4
2 22 3226 4
2 23 3226 4
2 24 3226 4
2 25 3226 4
2 26 3226 4
2 27 3226 4
2 28 3226 5
2 29 3226 5
3 29 3226 5
3 28 3226 5
3 27 3226 5
3 26 3226 5
3 25 3226 5
3 24 3226 5
3 23 3226 5
3 22 3226 5
3 21 3226 5
3 20 3226 5
3 19 3226 5
3 18 3226 5
3 17 3226 5
3 16 3226 5
3 15 3226 6
3 14 9092 6
3 13 11644 6
3 12 9092 6
3 11 5692 6
3 10 5692 6
3 9 5692 6
3 8 5692 6
3 7 9092 7
3 6 3226 7
3 5 2396 7
3 4 3226 7
3 3 3226 7
3 2 2396 7
3 1 2396 7
3 0 2396 7
4 0 2396 7
4 1 2396 7
4 2 2396 7
4 3 5692 7
4 4 2396 7
4 5 2396 7
4 6 2396 7
4 7 2396 7
4 8 2396 7
4 9 2396 7
4 10 18876 8
4 11 18876 8
4 12 3226 9
4 13 3226 9
4 14 3226 9
4 15 3226 9
4 16 3226 9
4 17 3226 9
4 18 3226 9
4 19 3226 9
4 20 3226 10
4 21 3226 10
4 22 3226 10
4 23 3226 10
4 24 3226 10
4 25 3226 10
4 26 3226 10
4 27 3226 10
4 28 3226 10
4 29 3226 10
5 29 3226 10
5 28 3226 10
5 27 3226 10
5 26 3226 10
5 25 3226 10
5 24 3226 10
5 23 3226 10
5 22 3226 10
5 21 3226 10
5 20 3226 10
5 19 3226 10
5 18 3226 10
5 17 3226 10
5 16 3226 10
5 15 3226 10
5 14 3226 10
5 13 3226 10
5 12 3226 10
5 11 3226 10
5 10 3226 10
5 9 3226 10
5 8 3226 10
5 7 3226 11
5 6 3226 11
5 5 3226 11
5 4 3226 11
5 3 3226 11
5 2 3226 11
5 1 3226 11
5 0 3226 11
6 0 3226 11
6 1 3226 11
6 2 3226 11
6 3 3226 11
6 4 3226 11
6 5 3226 11
6 6 3226 11
6 7 3226 11
6 8 3226 11
6 9 3226 11
6 10 3226 11
6 11 3226 11
6 12 3226 11
6 13 3226 11
6 14 3226 11
6 15 3226 11
6 16 3226 11
6 17 3226 11
6 18 3226 11
6 19 3226 11
6 20 3226 11
6 21 3226 11
6 22 3226 11
6 23 3226 11
6 24 3226 12
6 25 3226 12
6 26 3226 12
6 27 3226 12
6 28 3226 12
6 29 3226 12
7 29 3226 12
7 28 3226 12
7 27 3226 12
7 26 3226 12
7 25 3226 12
7 24 3226 12
7 23 3226 12
7 22 3226 12
7 21 3226 12
7 20 3226 12
7 19 3226 12
7 18 3226 12
7 17 3226 12
7 16 3226 12
7 15 3226 12
7 14 3226 12
7 13 3226 12
7 12 3226 12
7 11 3226 13
7 10 3226 13
7 9 3226 13
7 8 3226 13
7 7 3226 13
7 6 3226 13
7 5 3226 13
7 4 3226 13
7 3 3226 13
7 2 3226 13
7 1 3226 13
7 0 3226 13
8 0 3226 13
8 1 3226 13
8 2 3226 13
8 3 3226 13
8 4 3226 14
8 5 3226 14
8 6 3226 14
8 7 3226 14
8 8 3226 14
8 9 3226 14
8 10 3226 14
8 11 3226 14
8 12 3226 14
8 13 3226 14
8 14 3226 14
8 15 3226 14
8 16 3226 14
8 17 3226 14
8 18 3226 14
8 19 3226 14
8 20 3226 15
8 21 3226 15
8 22 3226 15
8 23 3226 15
8 24 3226 15
8 25 3226 15
8 26 3226 15
8 27 3226 15
8 28 3226 15
8 29 3226 15
9 29 3226 15
9 28 3226 15
9 27 3226 15
9 26 3226 15
9 25 3226 15
9 24 3226 15
9 23 3226 16
9 22 3226 16
9 21 3226 16
9 20 3226 16
9 19 3226 16
9 18 3226 16
9 17 3226 16
9 16 3226 16
9 15 3226 16
9 14 3226 16
9 13 3226 16
9 12 3226 16
9 11 3226 16
9 10 3226 16
9 9 3226 16
9 8 3226 16
9 7 3226 17
9 6 3226 17
9 5 3226 17
9 4 3226 17
9 3 3226 17
9 2 3226 17
9 1 3226 17
9 0 3226 17
10 0 3226 17
10 1 3226 17
10 2 3226 17
10 3 3226 17
10 4 3226 17
10 5 3226 17
10 6 3226 17
10 7 3226 17
10 8 5376 18
10 9 5376 18
10 10 5376 18
10 11 5376 18
10 12 5692 18
10 13 5376 18
10 14 5376 18
10 15 5376 18
10 16 5376 18
10 17 3226 19
10 18 3226 19
10 19 3226 19
10 20 3226 19
10 21 3226 19
10 22 3226 19
10 23 3226 19
10 24 3226 19
10 25 3226 19
10 26 18876 19
10 27 3226 20
10 28 3226 20
10 29 3226 20
11 29 3226 20
11 28 3226 20
11 27 3226 20
11 26 3226 20
11 25 3226 20
11 24 3226 20
11 23 3226 20
11 22 3226 20
11 21 3226 20
11 20 3226 20
11 19 3226 20
11 18 3226 20
11 17 3226 20
11 16 3226 21
11 15 3226 21
11 14 3226 21
11 13 3226 21
11 12 3226 21
11 11 3226 21
11 10 3226 21
11 9 3226 21
11 8 3226 22
11 7 3226 22
11 6 3226 22
11 5 3226 22
11 4 3226 22
11 3 3226 22
11 2 3226 22
11 1 3226 22
11 0 3226 22
12 0 3226 22
12 1 3226 22
12 2 3226 22
12 3 3226 22
12 4 3226 22
12 5 3226 22
12 6 3226 22
12 7 3226 22
12 8 3226 22
12 9 3226 22
12 10 3226 22
12 11 3226 22
12 12 3226 22
12 13 3226 22
12 14 3226 22
12 15 3226 22
12 16 3226 22
12 17 3226 22
12 18 3226 22
12 19 3226 22
12 20 3226 22
12 21 3226 22
12 22 3226 22
12 23 3226 23
12 24 3226 23
12 25 3226 23
12 26 3226 23
12 27 3226 23
12 28 3226 23
12 29 3226 23
13 29 3226 23
13 28 3226 23
13 27 3226 23
13 26 3226 23
13 25 3226 23
13 24 3226 23
13 23 3226 23
13 22 3226 23
13 21 3226 23
13 20 3226 23
13 19 3226 23
13 18 3226 23
13 17 3226 23
13 16 3226 23
13 15 3226 23
13 14 3226 23
13 13 3226 23
13 12 3226 23
13 11 3226 23
13 10 3226 23
13 9 3226 23
13 8 3226 23
13 7 3226 23
13 6 3226 23
13 5 3226 23
13 4 3226 24
13 3 3226 24
13 2 3226 24
13 1 3226 24
13 0 3226 24
14 0 3226 24
14 1 3226 24
14 2 3226 24
14 3 3226 24
14 4 3226 24
14 5 3226 24
14 6 3226 24
14 7 3226 24
14 8 3226 24
14 9 3226 24
14 10 3226 24
14 11 3226 24
14 12 3226 24
14 13 3226 24
14 14 3226 24
14 15 3226 24
14 16 3226 24
14 17 3226 24
14 18 3226 24
14 19 3226 25
14 20 18876 25
14 21 18876 25
14 22 3226 26
14 23 3226 26
14 24 3226 26
14 25 3226 26
14 26 3226 26
14 27 3226 26
14 28 3226 26
14 29 3226 26
15 29 3226 26
15 28 3226 26
15 27 3226 26
15 26 3226 26
15 25 3226 26
15 24 3226 26
15 23 3226 26
15 22 3226 26
15 21 3226 27
15 20 3226 27
15 19 3226 27
15 18 3226 27
15 17 3226 27
15 16 3226 27
15 15 3226 27
15 14 3226 27
15 13 3226 27
15 12 3226 27
15 11 3226 27
15 10 3226 27
15 9 3226 27
15 8 3226 27
15 7 3226 27
15 6 3226 27
15 5 3226 28
15 4 3226 28
15 3 3226 28
15 2 3226 28
15 1 3226 28
15 0 3226 28
16 0 3226 28
16 1 3226 28
16 2 3226 28
16 3 3226 28
16 4 3226 28
16 5 3226 28
16 6 3226 28
16 7 3226 28
16 8 3226 28
16 9 3226 28
16 10 3226 29
16 11 3226 29
16 12 3226 29
16 13 3226 29
16 14 3226 29
16 15 3226 29
16 16 3226 29
16 17 3226 29
16 18 3226 29
16 19 3226 29
16 20 3226 29
16 21 3226 29
16 22 3226 29
16 23 3226 29
16 24 3226 29
16 25 3226 29
16 26 3226 30
16 27 3226 30
16 28 3226 30
16 29 3226 30
17 29 3226 30
17 28 3226 30
17 27 3226 30
17 26 3226 30
17 25 3226 30
17 24 3226 30
17 23 3226 30
17 22 3226 30
17 21 3226 30
17 20 3226 30
17 19 3226 30
17 18 3226 30
17 17 3226 31
17 16 3226 31
17 15 3226 31
17 14 3226 31
17 13 3226 31
17 12 3226 31
17 11 3226 31
17 10 3226 31
17 9 3226 31
17 8 3226 31
17 7 3226 31
17 6 3226 31
17 5 3226 31
17 4 3226 31
17 3 3226 31
17 2 3226 31
17 1 3226 32
17 0 3226 32
18 0 3226 32
18 1 3226 32
18 2 3226 32
18 3 3226 32
18 4 3226 32
18 5 3226 32
18 6 3226 32
18 7 3226 32
18 8 3226 32
18 9 3226 32
18 10 3226 32
18 11 3226 32
18 12 3226 32
18 13 3226 32
18 14 3226 33
18 15 3226 33
18 16 3226 33
18 17 3226 33
18 18 3226 33
18 19 3226 33
18 20 3226 33
18 21 3226 33
18 22 3226 34
18 23 3226 34
18 24 3226 34
18 25 3226 34
18 26 3226 34
18 27 3226 34
18 28 3226 34
18 29 3226 34
19 29 3226 34
19 28 3226 34
19 27 3226 34
19 26 3226 34
19 25 3226 34
19 24 3226 34
19 23 3226 34
19 22 3226 34
19 21 3226 34
19 20 3226 34
19 19 3226 34
19 18 3226 34
19 17 3226 34
19 16 3226 34
19 15 3226 34
19 14 3226 34
19 13 3226 34
19 12 3226 34
19 11 3226 34
19 10 3226 34
19 9 3226 34
19 8 3226 34
19 7 3226 34
19 6 3226 34
19 5 3226 35
19 4 3226 35
19 3 3226 35
19 2 3226 35
19 1 3226 35
19 0 3226 35
20 0 3226 35
20 1 3226 35
20 2 3226 35
20 3 3226 35
20 4 3226 35
20 5 3226 35
20 6 3226 35
20 7 3226 35
20 8 3226 35
20 9 3226 35
20 10 3226 35
20 11 3226 35
20 12 3226 35
20 13 3226 35
20 14 3226 35
20 15 3226 35
20 16 3226 35
20 17 3226 35
20 18 3226 35
20 19 3226 35
20 20 3226 35
20 21 3226 35
20 22 3226 35
20 23 3226 35
20 24 3226 35
20 25 3226 35
20 26 3226 36
20 27 3226 36
20 28 3226 36
20 29 3226 36
21 29 3226 36
21 28 3226 36
21 27 3226 36
21 26 3226 36
21 25 3226 36
21 24 3226 36
21 23 3226 36
21 22 3226 36
21 21 3226 36
21 20 3226 36
21 19 3226 36
21 18 3226 36
21 17 3226 36
21 16 3226 36
21 15 3226 36
21 14 3226 36
21 13 3226 36
21 12 3226 36
21 11 3226 36
21 10 3226 36
21 9 3226 37
21 8 3226 37
21 7 3226 37
21 6 3226 37
21 5 3226 37
21 4 3226 37
21 3 3226 37
21 2 3226 37
21 1 3226 37
21 0 3226 37
22 0 3226 37
22 1 3226 37
22 2 3226 37
22 3 3226 37
22 4 3226 37
22 5 3226 37
22 6 3226 38
22 7 3226 38
22 8 3226 38
22 9 3226 38
22 10 3226 38
22 11 3226 38
22 12 3226 38
22 13 3226 38
22 14 3226 38
22 15 3226 38
22 16 3226 38
22 17 3226 38
22 18 3226 38
22 19 3226 38
22 20 3226 38
22 21 3226 38
22 22 43252 39
22 23 2396 39
22 24 9092 39
22 25 2396 39
22 26 2396 39
22 27 2396 39
22 28 2396 39
22 29 2396 39
23 29 2396 39
23 28 2396 39
23 27 2396 39
23 26 2396 39
23 25 2396 39
23 24 2396 39
23 23 2396 39
23 22 2396 39
23 21 2396 39
23 20 2396 39
23 19 2396 39
23 18 2396 39
23 17 2396 39
23 16 2396 39
23 15 2396 39
23 14 2396 39
23 13 2396 39
23 12 2396 39
23 11 2396 39
23 10 2396 39
23 9 2396 39
23 8 2396 39
23 7 2396 39
23 6 2396 39
23 5 2396 39
23 4 2396 39
23 3 3226 40
23 2 3226 40
23 1 3226 40
23 0 3226 40
24 0 3226 40
24 1 3226 40
24 2 3226 40
24 3 3226 40
24 4 3226 40
24 5 3226 40
24 6 3226 40
24 7 3226 40
24 8 3226 40
24 9 3226 40
24 10 3226 40
24 11 3226 40
24 12 3226 41
24 13 3226 41
24 14 3226 41
24 15 3226 41
24 16 3226 41
24 17 3226 41
24 18 3226 41
24 19 3226 41
24 20 3226 41
24 21 3226 41
24 22 3226 41
24 23 3226 41
24 24 3226 41
24 25 3226 41
24 26 3226 41
24 27 3226 41
24 28 3226 42
24 29 3226 42
25 29 3226 42
25 28 3226 42
25 27 3226 42
25 26 3226 42
25 25 3226 42
25 24 3226 42
25 23 3226 42
25 22 3226 42
25 21 3226 42
25 20 3226 42
25 19 3226 42
25 18 3226 42
25 17 3226 42
25 16 3226 42
25 15 3226 43
25 14 3226 43
25 13 3226 43
25 12 3226 43
25 11 3226 43
25 10 3226 43
25 9 3226 43
25 8 3226 43
25 7 3226 43
25 6 3226 43
25 5 3226 43
25 4 3226 43
25 3 3226 43
25 2 3226 43
25 1 3226 43
25 0 3226 43
26 0 3226 44
26 1 3226 44
26 2 3226 44
26 3 3226 44
26 4 3226 44
26 5 3226 44
26 6 3226 44
26 7 3226 44
26 8 3226 44
26 9 3226 44
26 10 3226 44
26 11 3226 44
26 12 3226 44
26 13 3226 44
26 14 3226 44
26 15 3226 44
26 16 3226 45
26 17 3226 45
26 18 3226 45
26 19 3226 45
26 20 3226 45
26 21 3226 45
26 22 3226 45
26 23 3226 45
26 24 3226 46
26 25 3226 46
26 26 3226 46
26 27 3226 46
26 28 3226 46
26 29 3226 46
27 29 3226 46
27 28 3226 46
27 27 3226 46
27 26 3226 46
27 25 3226 46
27 24 3226 46
27 23 3226 46
27 22 3226 46
27 21 3226 46
27 20 3226 46
27 19 3226 46
27 18 3226 46
27 17 3226 46
27 16 3226 46
27 15 3226 46
27 14 3226 46
27 13 3226 46
27 12 3226 46
27 11 3226 46
27 10 3226 46
27 9 3226 46
27 8 3226 46
27 7 3226 46
27 6 3226 46
27 5 3226 46
27 4 3226 46
27 3 3226 47
27 2 3226 47
27 1 3226 47
27 0 3226 47
28 0 3226 47
28 1 3226 47
28 2 3226 47
28 3 3226 47
28 4 3226 47
28 5 3226 47
28 6 3226 47
28 7 3226 47
28 8 3226 47
28 9 3226 47
28 10 3226 47
28 11 3226 47
28 12 3226 47
28 13 3226 47
28 14 3226 47
28 15 3226 47
28 16 3226 47
28 17 3226 47
28 18 3226 47
28 19 3226 47
28 20 3226 47
28 21 3226 47
28 22 3226 47
28 23 3226 47
28 24 3226 47
28 25 3226 47
28 26 3226 47
28 27 3226 47
