31
449051656.28515947
63.10141382088684
0.06316437307485642
0
0.07792185153264714
0.1569002856986784
0
0.1345186293069613
0.1554945787032374
0
0.2124276711378545
0.17374086623368973
0.09746340689103344
0
0.32955554850920854
0.2139732010896529
0
0.41025076731814325
0.23419068315320843
0.09783442483412103
0
0.43078974283095456
0.3464282895976321
0
0.3737685535786731
0.35629884806294393
0.19759071128312006
0
0.2744881150506804
0.22043252753952622
0
0.1969427818614724
0.08057524877217169
0.019417318129787545
0.06002100592753308
0.15535851269897788
0.19525175679520504
0
0.21258902861965745
0.27236146593836674
0
0.2319278679070163
0.34863152072042725
0.42758160982247223
0
0.233134943861432
0.39052640560472096
0
0.23355198043375824
0.45064338941840965
0.632601165032073
0
0.3466385202334401
0.4125789602178647
0
0.34827597194489385
0.3168033903124812
0.37365783766970656
0
0.21790715892203
0.18158746966685346
0
0.08109232525391882
0
