0 12 1.40625e-07
1 12 1.40625e-07
2 12 1.40625e-07
3 12 1.40625e-07
4 12 1.40625e-07
5 12 1.40625e-07
6 12 1.40625e-07
7 12 1.40625e-07
8 12 1.40625e-07
9 12 1.40625e-07
10 12 1.40625e-07
11 12 1.40625e-07
13 12 1.40625e-07
14 12 1.40625e-07
15 12 1.40625e-07
16 12 1.40625e-07
17 12 1.40625e-07
18 12 1.40625e-07
19 12 1.40625e-07
20 12 1.40625e-07
21 12 1.40625e-07
22 12 1.40625e-07
23 12 1.40625e-07
12 24 1.08e-05
12 25 1.08e-05
12 26 1.08e-05
12 27 1.08e-05
12 28 1.08e-05
12 29 1.08e-05
12 50 1.08e-05
12 51 1.08e-05
12 52 1.08e-05
12 53 1.08e-05
12 54 1.08e-05
12 55 1.08e-05
12 56 1.08e-05
12 57 1.08e-05
12 58 1.08e-05
12 59 1.08e-05
24 53 1.40625e-07
25 53 1.40625e-07
26 53 1.40625e-07
27 53 1.40625e-07
28 53 1.40625e-07
29 53 1.40625e-07
50 53 1.40625e-07
51 53 1.40625e-07
52 53 1.40625e-07
54 53 1.40625e-07
55 53 1.40625e-07
56 53 1.40625e-07
57 53 1.40625e-07
58 53 1.40625e-07
59 53 1.40625e-07
53 34 7.2e-06
53 35 7.2e-06
53 36 7.2e-06
53 37 7.2e-06
53 38 7.2e-06
53 39 7.2e-06
53 40 7.2e-06
53 41 7.2e-06
53 42 7.2e-06
53 43 7.2e-06
53 44 7.2e-06
53 45 7.2e-06
53 46 7.2e-06
53 47 7.2e-06
53 48 7.2e-06
53 49 7.2e-06
34 41 1.40625e-07
35 41 1.40625e-07
36 41 1.40625e-07
37 41 1.40625e-07
38 41 1.40625e-07
39 41 1.40625e-07
40 41 1.40625e-07
42 41 1.40625e-07
43 41 1.40625e-07
44 41 1.40625e-07
45 41 1.40625e-07
46 41 1.40625e-07
47 41 1.40625e-07
48 41 1.40625e-07
49 41 1.40625e-07
41 30 7.2e-06
41 31 7.2e-06
41 32 7.2e-06
41 33 7.2e-06
41 60 7.2e-06
41 61 7.2e-06
41 62 7.2e-06
41 63 7.2e-06
41 64 7.2e-06
41 65 7.2e-06
41 66 7.2e-06
41 67 7.2e-06
41 68 7.2e-06
41 69 7.2e-06
41 70 7.2e-06
41 71 7.2e-06
30 65 1.40625e-07
31 65 1.40625e-07
32 65 1.40625e-07
33 65 1.40625e-07
60 65 1.40625e-07
61 65 1.40625e-07
62 65 1.40625e-07
63 65 1.40625e-07
64 65 1.40625e-07
66 65 1.40625e-07
67 65 1.40625e-07
68 65 1.40625e-07
69 65 1.40625e-07
70 65 1.40625e-07
71 65 1.40625e-07
65 72 7.2e-06
65 73 7.2e-06
65 74 7.2e-06
65 75 7.2e-06
65 76 7.2e-06
65 77 7.2e-06
65 78 7.2e-06
65 79 7.2e-06
65 80 7.2e-06
65 81 7.2e-06
65 82 7.2e-06
65 83 7.2e-06
65 84 7.2e-06
65 85 7.2e-06
65 86 7.2e-06
65 87 7.2e-06
73 72 1.40625e-07
74 72 1.40625e-07
75 72 1.40625e-07
76 72 1.40625e-07
77 72 1.40625e-07
78 72 1.40625e-07
79 72 1.40625e-07
80 72 1.40625e-07
81 72 1.40625e-07
82 72 1.40625e-07
83 72 1.40625e-07
84 72 1.40625e-07
85 72 1.40625e-07
86 72 1.40625e-07
87 72 1.40625e-07
72 88 7.2e-06
72 89 7.2e-06
72 106 7.2e-06
72 107 7.2e-06
72 108 7.2e-06
72 109 7.2e-06
72 110 7.2e-06
72 111 7.2e-06
72 112 7.2e-06
72 113 7.2e-06
72 114 7.2e-06
72 115 7.2e-06
72 116 7.2e-06
72 117 7.2e-06
72 118 7.2e-06
72 119 7.2e-06
88 106 1.7578125e-08
89 106 1.7578125e-08
107 106 1.7578125e-08
108 106 1.7578125e-08
109 106 1.7578125e-08
110 106 1.7578125e-08
111 106 1.7578125e-08
112 106 1.7578125e-08
113 106 1.7578125e-08
114 106 1.7578125e-08
115 106 1.7578125e-08
116 106 1.7578125e-08
117 106 1.7578125e-08
118 106 1.7578125e-08
119 106 1.7578125e-08
106 98 4.965517241379311e-07
106 99 4.965517241379311e-07
106 100 4.965517241379311e-07
106 101 4.965517241379311e-07
106 102 1.9862068965517244e-06
106 103 7.944827586206898e-06
106 104 1.9862068965517244e-06
106 105 4.965517241379311e-07
98 102 9.698275862068967e-09
99 102 9.698275862068967e-09
100 102 9.698275862068967e-09
101 102 9.698275862068967e-09
103 102 1.5517241379310347e-07
104 102 3.879310344827587e-08
105 102 9.698275862068967e-09
102 90 3.2e-07
102 91 3.2e-07
102 92 3.2e-07
102 93 1.28e-06
102 94 1.28e-06
102 95 3.2e-07
102 96 1.28e-06
102 97 5.12e-06
102 120 3.2e-07
102 121 3.2e-07
102 122 3.2e-07
102 123 1.28e-06
102 124 3.2e-07
102 125 3.2e-07
102 126 3.2e-07
102 127 3.2e-07
102 128 3.2e-07
102 129 3.2e-07
90 124 6.25e-09
91 124 6.25e-09
92 124 6.25e-09
93 124 2.5e-08
94 124 2.5e-08
95 124 6.25e-09
96 124 2.5e-08
97 124 1e-07
120 124 6.25e-09
121 124 6.25e-09
122 124 6.25e-09
123 124 2.5e-08
125 124 6.25e-09
126 124 6.25e-09
127 124 6.25e-09
128 124 6.25e-09
129 124 6.25e-09
124 130 7.2e-06
124 131 7.2e-06
130 131 1.40625e-07
131 132 1.8e-06
131 133 1.8e-06
131 134 1.8e-06
131 135 1.8e-06
131 136 1.8e-06
131 137 1.8e-06
131 138 1.8e-06
131 139 1.8e-06
132 136 1.40625e-07
133 136 1.40625e-07
134 136 1.40625e-07
135 136 1.40625e-07
137 136 1.40625e-07
138 136 1.40625e-07
139 136 1.40625e-07
136 140 1.8e-06
136 141 1.8e-06
136 142 1.8e-06
136 143 1.8e-06
136 144 1.8e-06
136 145 1.8e-06
136 146 1.8e-06
136 147 1.8e-06
136 148 1.8e-06
136 149 1.8e-06
136 158 1.8e-06
136 159 1.8e-06
136 160 1.8e-06
136 161 1.8e-06
136 162 1.8e-06
136 163 1.8e-06
136 164 1.8e-06
136 165 1.8e-06
136 166 1.8e-06
136 167 1.8e-06
136 168 1.8e-06
136 169 1.8e-06
136 170 1.8e-06
136 171 1.8e-06
136 172 1.8e-06
136 173 1.8e-06
136 174 1.8e-06
136 175 1.8e-06
136 176 1.8e-06
136 177 1.8e-06
136 178 1.8e-06
136 179 1.8e-06
140 162 1.40625e-07
141 162 1.40625e-07
142 162 1.40625e-07
143 162 1.40625e-07
144 162 1.40625e-07
145 162 1.40625e-07
146 162 1.40625e-07
147 162 1.40625e-07
148 162 1.40625e-07
149 162 1.40625e-07
158 162 1.40625e-07
159 162 1.40625e-07
160 162 1.40625e-07
161 162 1.40625e-07
163 162 1.40625e-07
164 162 1.40625e-07
165 162 1.40625e-07
166 162 1.40625e-07
167 162 1.40625e-07
168 162 1.40625e-07
169 162 1.40625e-07
170 162 1.40625e-07
171 162 1.40625e-07
172 162 1.40625e-07
173 162 1.40625e-07
174 162 1.40625e-07
175 162 1.40625e-07
176 162 1.40625e-07
177 162 1.40625e-07
178 162 1.40625e-07
179 162 1.40625e-07
162 150 7.2e-06
162 151 7.2e-06
162 152 7.2e-06
162 153 7.2e-06
162 154 7.2e-06
162 155 7.2e-06
162 156 7.2e-06
162 157 7.2e-06
162 180 7.2e-06
162 181 7.2e-06
162 182 7.2e-06
162 183 7.2e-06
162 184 7.2e-06
162 185 7.2e-06
162 186 7.2e-06
162 187 7.2e-06
162 188 7.2e-06
162 189 7.2e-06
162 190 7.2e-06
162 191 7.2e-06
162 192 7.2e-06
162 193 7.2e-06
162 194 7.2e-06
162 195 7.2e-06
162 196 7.2e-06
162 197 7.2e-06
162 198 7.2e-06
162 199 7.2e-06
162 200 7.2e-06
162 201 7.2e-06
162 202 7.2e-06
162 203 7.2e-06
150 191 3.515625e-08
151 191 3.515625e-08
152 191 3.515625e-08
153 191 3.515625e-08
154 191 3.515625e-08
155 191 3.515625e-08
156 191 3.515625e-08
157 191 3.515625e-08
180 191 3.515625e-08
181 191 3.515625e-08
182 191 3.515625e-08
183 191 3.515625e-08
184 191 3.515625e-08
185 191 3.515625e-08
186 191 3.515625e-08
187 191 3.515625e-08
188 191 3.515625e-08
189 191 3.515625e-08
190 191 3.515625e-08
192 191 3.515625e-08
193 191 3.515625e-08
194 191 3.515625e-08
195 191 3.515625e-08
196 191 3.515625e-08
197 191 3.515625e-08
198 191 3.515625e-08
199 191 3.515625e-08
200 191 3.515625e-08
201 191 3.515625e-08
202 191 3.515625e-08
203 191 3.515625e-08
191 204 2.4e-06
191 205 2.4e-06
191 206 2.4e-06
191 207 2.4e-06
191 208 2.4e-06
191 209 2.4e-06
191 222 2.4e-06
191 223 2.4e-06
191 224 2.4e-06
191 225 2.4e-06
191 226 2.4e-06
191 227 2.4e-06
191 228 2.4e-06
191 229 2.4e-06
191 230 2.4e-06
191 231 2.4e-06
191 232 2.4e-06
191 233 2.4e-06
191 234 2.4e-06
191 235 2.4e-06
191 236 2.4e-06
191 237 2.4e-06
191 238 2.4e-06
191 239 2.4e-06
204 225 1.40625e-07
205 225 1.40625e-07
206 225 1.40625e-07
207 225 1.40625e-07
208 225 1.40625e-07
209 225 1.40625e-07
222 225 1.40625e-07
223 225 1.40625e-07
224 225 1.40625e-07
226 225 1.40625e-07
227 225 1.40625e-07
228 225 1.40625e-07
229 225 1.40625e-07
230 225 1.40625e-07
231 225 1.40625e-07
232 225 1.40625e-07
233 225 1.40625e-07
234 225 1.40625e-07
235 225 1.40625e-07
236 225 1.40625e-07
237 225 1.40625e-07
238 225 1.40625e-07
239 225 1.40625e-07
225 210 1.08e-05
225 211 1.08e-05
225 212 1.08e-05
225 213 1.08e-05
225 214 1.08e-05
225 215 1.08e-05
225 216 1.08e-05
225 217 1.08e-05
225 218 1.08e-05
225 219 1.08e-05
225 220 1.08e-05
225 221 1.08e-05
225 240 1.08e-05
225 241 1.08e-05
225 242 1.08e-05
225 243 1.08e-05
210 214 1.40625e-07
211 214 1.40625e-07
212 214 1.40625e-07
213 214 1.40625e-07
215 214 1.40625e-07
216 214 1.40625e-07
217 214 1.40625e-07
218 214 1.40625e-07
219 214 1.40625e-07
220 214 1.40625e-07
221 214 1.40625e-07
240 214 1.40625e-07
241 214 1.40625e-07
242 214 1.40625e-07
243 214 1.40625e-07
214 244 7.2e-06
214 245 7.2e-06
214 246 7.2e-06
214 247 7.2e-06
214 248 7.2e-06
214 249 7.2e-06
214 250 7.2e-06
214 251 7.2e-06
214 252 7.2e-06
214 253 7.2e-06
214 254 7.2e-06
214 255 7.2e-06
214 256 7.2e-06
214 257 7.2e-06
214 258 7.2e-06
214 259 7.2e-06
244 252 1.40625e-07
245 252 1.40625e-07
246 252 1.40625e-07
247 252 1.40625e-07
248 252 1.40625e-07
249 252 1.40625e-07
250 252 1.40625e-07
251 252 1.40625e-07
253 252 1.40625e-07
254 252 1.40625e-07
255 252 1.40625e-07
256 252 1.40625e-07
257 252 1.40625e-07
258 252 1.40625e-07
259 252 1.40625e-07
252 260 7.2e-06
252 261 7.2e-06
252 262 7.2e-06
252 263 7.2e-06
252 264 7.2e-06
252 265 7.2e-06
252 266 7.2e-06
252 267 7.2e-06
252 268 7.2e-06
252 269 7.2e-06
252 294 7.2e-06
252 295 7.2e-06
252 296 7.2e-06
252 297 7.2e-06
252 298 7.2e-06
252 299 7.2e-06
260 294 1.40625e-07
261 294 1.40625e-07
262 294 1.40625e-07
263 294 1.40625e-07
264 294 1.40625e-07
265 294 1.40625e-07
266 294 1.40625e-07
267 294 1.40625e-07
268 294 1.40625e-07
269 294 1.40625e-07
295 294 1.40625e-07
296 294 1.40625e-07
297 294 1.40625e-07
298 294 1.40625e-07
299 294 1.40625e-07
294 278 7.2e-06
294 279 7.2e-06
294 280 7.2e-06
294 281 7.2e-06
294 282 7.2e-06
294 283 7.2e-06
294 284 7.2e-06
294 285 7.2e-06
294 286 7.2e-06
294 287 7.2e-06
294 288 7.2e-06
294 289 7.2e-06
294 290 7.2e-06
294 291 7.2e-06
294 292 7.2e-06
294 293 7.2e-06
278 286 1.40625e-07
279 286 1.40625e-07
280 286 1.40625e-07
281 286 1.40625e-07
282 286 1.40625e-07
283 286 1.40625e-07
284 286 1.40625e-07
285 286 1.40625e-07
287 286 1.40625e-07
288 286 1.40625e-07
289 286 1.40625e-07
290 286 1.40625e-07
291 286 1.40625e-07
292 286 1.40625e-07
293 286 1.40625e-07
286 270 7.2e-06
286 271 7.2e-06
286 272 7.2e-06
286 273 7.2e-06
286 274 7.2e-06
286 275 7.2e-06
286 276 7.2e-06
286 277 7.2e-06
286 300 7.2e-06
286 301 7.2e-06
286 302 7.2e-06
286 303 7.2e-06
286 304 7.2e-06
286 305 7.2e-06
286 306 7.2e-06
286 307 7.2e-06
270 304 1.7578125e-08
271 304 1.7578125e-08
272 304 1.7578125e-08
273 304 1.7578125e-08
274 304 1.7578125e-08
275 304 1.7578125e-08
276 304 1.7578125e-08
277 304 1.7578125e-08
300 304 1.7578125e-08
301 304 1.7578125e-08
302 304 1.7578125e-08
303 304 1.7578125e-08
305 304 1.7578125e-08
306 304 1.7578125e-08
307 304 1.7578125e-08
304 308 1.7454545454545452e-06
304 309 1.7454545454545452e-06
304 310 1.7454545454545452e-06
304 311 1.7454545454545452e-06
304 312 4.363636363636363e-07
304 313 1.7454545454545452e-06
304 314 1.7454545454545452e-06
304 315 1.7454545454545452e-06
304 316 1.7454545454545452e-06
308 312 3.4090909090909086e-08
309 312 3.4090909090909086e-08
310 312 3.4090909090909086e-08
311 312 3.4090909090909086e-08
313 312 3.4090909090909086e-08
314 312 3.4090909090909086e-08
315 312 3.4090909090909086e-08
316 312 3.4090909090909086e-08
312 317 1.1076923076923077e-06
312 318 1.1076923076923077e-06
312 319 1.1076923076923077e-06
312 320 1.1076923076923077e-06
312 321 1.1076923076923077e-06
312 322 1.1076923076923077e-06
312 323 1.1076923076923077e-06
312 324 1.1076923076923077e-06
312 325 1.1076923076923077e-06
312 326 4.430769230769231e-06
318 317 2.163461538461538e-08
319 317 2.163461538461538e-08
320 317 2.163461538461538e-08
321 317 2.163461538461538e-08
322 317 2.163461538461538e-08
323 317 2.163461538461538e-08
324 317 2.163461538461538e-08
325 317 2.163461538461538e-08
326 317 8.653846153846153e-08
317 327 9e-07
317 328 9e-07
317 329 9e-07
317 347 9e-07
317 348 9e-07
317 349 9e-07
317 350 9e-07
317 351 9e-07
317 352 9e-07
317 353 9e-07
317 354 9e-07
317 355 9e-07
317 356 9e-07
317 357 9e-07
317 358 9e-07
317 359 9e-07
327 347 1.7578125e-08
328 347 1.7578125e-08
329 347 1.7578125e-08
348 347 1.7578125e-08
349 347 1.7578125e-08
350 347 1.7578125e-08
351 347 1.7578125e-08
352 347 1.7578125e-08
353 347 1.7578125e-08
354 347 1.7578125e-08
355 347 1.7578125e-08
356 347 1.7578125e-08
357 347 1.7578125e-08
358 347 1.7578125e-08
359 347 1.7578125e-08
347 339 1.8e-06
347 340 1.8e-06
347 341 1.8e-06
347 342 1.8e-06
347 343 1.8e-06
347 344 1.8e-06
347 345 1.8e-06
347 346 1.8e-06
339 341 1.40625e-07
340 341 1.40625e-07
342 341 1.40625e-07
343 341 1.40625e-07
344 341 1.40625e-07
345 341 1.40625e-07
346 341 1.40625e-07
341 330 1.8e-06
341 331 1.8e-06
341 332 1.8e-06
341 333 1.8e-06
341 334 1.8e-06
341 335 1.8e-06
341 336 1.8e-06
341 337 1.8e-06
341 338 1.8e-06
341 360 1.8e-06
341 361 1.8e-06
341 362 1.8e-06
341 363 1.8e-06
341 364 1.8e-06
341 365 1.8e-06
341 366 1.8e-06
341 367 1.8e-06
341 368 1.8e-06
341 369 1.8e-06
341 370 1.8e-06
341 371 1.8e-06
341 372 1.8e-06
341 373 1.8e-06
341 374 1.8e-06
341 375 1.8e-06
341 376 1.8e-06
341 377 1.8e-06
341 378 1.8e-06
341 379 1.8e-06
341 380 1.8e-06
341 381 1.8e-06
341 382 1.8e-06
330 371 1.40625e-07
331 371 1.40625e-07
332 371 1.40625e-07
333 371 1.40625e-07
334 371 1.40625e-07
335 371 1.40625e-07
336 371 1.40625e-07
337 371 1.40625e-07
338 371 1.40625e-07
360 371 1.40625e-07
361 371 1.40625e-07
362 371 1.40625e-07
363 371 1.40625e-07
364 371 1.40625e-07
365 371 1.40625e-07
366 371 1.40625e-07
367 371 1.40625e-07
368 371 1.40625e-07
369 371 1.40625e-07
370 371 1.40625e-07
372 371 1.40625e-07
373 371 1.40625e-07
374 371 1.40625e-07
375 371 1.40625e-07
376 371 1.40625e-07
377 371 1.40625e-07
378 371 1.40625e-07
379 371 1.40625e-07
380 371 1.40625e-07
381 371 1.40625e-07
382 371 1.40625e-07
371 383 7.2e-06
371 384 7.2e-06
371 385 7.2e-06
371 386 7.2e-06
371 387 7.2e-06
371 388 7.2e-06
371 389 7.2e-06
371 395 7.2e-06
371 396 7.2e-06
371 397 7.2e-06
371 398 7.2e-06
371 399 7.2e-06
371 400 7.2e-06
371 401 7.2e-06
371 402 7.2e-06
371 403 7.2e-06
371 404 7.2e-06
371 405 7.2e-06
371 406 7.2e-06
371 407 7.2e-06
371 408 7.2e-06
371 409 7.2e-06
371 410 7.2e-06
371 411 7.2e-06
371 412 7.2e-06
371 413 7.2e-06
371 414 7.2e-06
371 415 7.2e-06
371 416 7.2e-06
371 417 7.2e-06
371 418 7.2e-06
371 419 7.2e-06
383 399 3.515625e-08
384 399 3.515625e-08
385 399 3.515625e-08
386 399 3.515625e-08
387 399 3.515625e-08
388 399 3.515625e-08
389 399 3.515625e-08
395 399 3.515625e-08
396 399 3.515625e-08
397 399 3.515625e-08
398 399 3.515625e-08
400 399 3.515625e-08
401 399 3.515625e-08
402 399 3.515625e-08
403 399 3.515625e-08
404 399 3.515625e-08
405 399 3.515625e-08
406 399 3.515625e-08
407 399 3.515625e-08
408 399 3.515625e-08
409 399 3.515625e-08
410 399 3.515625e-08
411 399 3.515625e-08
412 399 3.515625e-08
413 399 3.515625e-08
414 399 3.515625e-08
415 399 3.515625e-08
416 399 3.515625e-08
417 399 3.515625e-08
418 399 3.515625e-08
419 399 3.515625e-08
399 390 2.4e-06
399 391 2.4e-06
399 392 2.4e-06
399 393 2.4e-06
399 394 2.4e-06
399 420 2.4e-06
399 421 2.4e-06
399 422 2.4e-06
399 423 2.4e-06
399 424 2.4e-06
399 425 2.4e-06
399 426 2.4e-06
399 427 2.4e-06
399 428 2.4e-06
399 429 2.4e-06
399 430 2.4e-06
399 431 2.4e-06
399 432 2.4e-06
399 433 2.4e-06
399 434 2.4e-06
399 435 2.4e-06
399 436 2.4e-06
399 437 2.4e-06
399 438 2.4e-06
390 429 1.40625e-07
391 429 1.40625e-07
392 429 1.40625e-07
393 429 1.40625e-07
394 429 1.40625e-07
420 429 1.40625e-07
421 429 1.40625e-07
422 429 1.40625e-07
423 429 1.40625e-07
424 429 1.40625e-07
425 429 1.40625e-07
426 429 1.40625e-07
427 429 1.40625e-07
428 429 1.40625e-07
430 429 1.40625e-07
431 429 1.40625e-07
432 429 1.40625e-07
433 429 1.40625e-07
434 429 1.40625e-07
435 429 1.40625e-07
436 429 1.40625e-07
437 429 1.40625e-07
438 429 1.40625e-07
429 439 1.92e-05
429 440 7.68e-05
429 441 7.68e-05
440 439 1e-06
441 439 1e-06
439 442 7.2e-06
439 443 7.2e-06
439 444 7.2e-06
439 445 7.2e-06
439 446 7.2e-06
439 447 7.2e-06
439 448 7.2e-06
439 449 7.2e-06
439 472 7.2e-06
439 473 7.2e-06
439 474 7.2e-06
439 475 7.2e-06
439 476 7.2e-06
439 477 7.2e-06
439 478 7.2e-06
439 479 7.2e-06
442 474 1.40625e-07
443 474 1.40625e-07
444 474 1.40625e-07
445 474 1.40625e-07
446 474 1.40625e-07
447 474 1.40625e-07
448 474 1.40625e-07
449 474 1.40625e-07
472 474 1.40625e-07
473 474 1.40625e-07
475 474 1.40625e-07
476 474 1.40625e-07
477 474 1.40625e-07
478 474 1.40625e-07
479 474 1.40625e-07
474 456 7.2e-06
474 457 7.2e-06
474 458 7.2e-06
474 459 7.2e-06
474 460 7.2e-06
474 461 7.2e-06
474 462 7.2e-06
474 463 7.2e-06
474 464 7.2e-06
474 465 7.2e-06
474 466 7.2e-06
474 467 7.2e-06
474 468 7.2e-06
474 469 7.2e-06
474 470 7.2e-06
474 471 7.2e-06
456 460 1.40625e-07
457 460 1.40625e-07
458 460 1.40625e-07
459 460 1.40625e-07
461 460 1.40625e-07
462 460 1.40625e-07
463 460 1.40625e-07
464 460 1.40625e-07
465 460 1.40625e-07
466 460 1.40625e-07
467 460 1.40625e-07
468 460 1.40625e-07
469 460 1.40625e-07
470 460 1.40625e-07
471 460 1.40625e-07
460 450 7.2e-06
460 451 7.2e-06
460 452 7.2e-06
460 453 7.2e-06
460 454 7.2e-06
460 455 7.2e-06
460 480 7.2e-06
460 481 7.2e-06
460 482 7.2e-06
460 483 7.2e-06
460 484 7.2e-06
460 485 7.2e-06
460 486 7.2e-06
460 487 7.2e-06
460 488 7.2e-06
460 489 7.2e-06
450 484 1.40625e-07
451 484 1.40625e-07
452 484 1.40625e-07
453 484 1.40625e-07
454 484 1.40625e-07
455 484 1.40625e-07
480 484 1.40625e-07
481 484 1.40625e-07
482 484 1.40625e-07
483 484 1.40625e-07
485 484 1.40625e-07
486 484 1.40625e-07
487 484 1.40625e-07
488 484 1.40625e-07
489 484 1.40625e-07
484 490 7.2e-06
484 491 7.2e-06
484 492 7.2e-06
484 493 7.2e-06
484 494 7.2e-06
484 495 7.2e-06
484 496 7.2e-06
484 497 7.2e-06
484 498 7.2e-06
484 499 7.2e-06
484 500 7.2e-06
484 501 7.2e-06
484 502 7.2e-06
484 503 7.2e-06
484 504 7.2e-06
484 505 7.2e-06
490 497 1.7578125e-08
491 497 1.7578125e-08
492 497 1.7578125e-08
493 497 1.7578125e-08
494 497 1.7578125e-08
495 497 1.7578125e-08
496 497 1.7578125e-08
498 497 1.7578125e-08
499 497 1.7578125e-08
500 497 1.7578125e-08
501 497 1.7578125e-08
502 497 1.7578125e-08
503 497 1.7578125e-08
504 497 1.7578125e-08
505 497 1.7578125e-08
497 506 9e-07
497 507 9e-07
497 508 9e-07
497 509 9e-07
497 528 9e-07
497 529 9e-07
497 530 9e-07
497 531 9e-07
497 532 9e-07
497 533 9e-07
497 534 9e-07
497 535 9e-07
497 536 9e-07
497 537 9e-07
497 538 9e-07
497 539 9e-07
506 528 1.7578125e-08
507 528 1.7578125e-08
508 528 1.7578125e-08
509 528 1.7578125e-08
529 528 1.7578125e-08
530 528 1.7578125e-08
531 528 1.7578125e-08
532 528 1.7578125e-08
533 528 1.7578125e-08
534 528 1.7578125e-08
535 528 1.7578125e-08
536 528 1.7578125e-08
537 528 1.7578125e-08
538 528 1.7578125e-08
539 528 1.7578125e-08
528 512 9e-07
528 513 9e-07
528 514 9e-07
528 515 9e-07
528 516 9e-07
528 517 9e-07
528 518 9e-07
528 519 9e-07
528 520 9e-07
528 521 9e-07
528 522 9e-07
528 523 9e-07
528 524 9e-07
528 525 9e-07
528 526 9e-07
528 527 9e-07
512 520 1.7578125e-08
513 520 1.7578125e-08
514 520 1.7578125e-08
515 520 1.7578125e-08
516 520 1.7578125e-08
517 520 1.7578125e-08
518 520 1.7578125e-08
519 520 1.7578125e-08
521 520 1.7578125e-08
522 520 1.7578125e-08
523 520 1.7578125e-08
524 520 1.7578125e-08
525 520 1.7578125e-08
526 520 1.7578125e-08
527 520 1.7578125e-08
520 510 9e-07
520 511 9e-07
520 540 9e-07
520 541 9e-07
520 542 9e-07
520 543 9e-07
520 544 9e-07
520 545 9e-07
520 546 9e-07
520 547 9e-07
520 548 9e-07
520 549 9e-07
520 550 9e-07
520 551 9e-07
520 552 9e-07
520 553 9e-07
510 546 1.7578125e-08
511 546 1.7578125e-08
540 546 1.7578125e-08
541 546 1.7578125e-08
542 546 1.7578125e-08
543 546 1.7578125e-08
544 546 1.7578125e-08
545 546 1.7578125e-08
547 546 1.7578125e-08
548 546 1.7578125e-08
549 546 1.7578125e-08
550 546 1.7578125e-08
551 546 1.7578125e-08
552 546 1.7578125e-08
553 546 1.7578125e-08
546 554 1.8e-06
546 555 1.8e-06
546 556 1.8e-06
546 557 1.8e-06
546 558 1.8e-06
546 559 1.8e-06
546 560 1.8e-06
546 561 1.8e-06
554 557 1.40625e-07
555 557 1.40625e-07
556 557 1.40625e-07
558 557 1.40625e-07
559 557 1.40625e-07
560 557 1.40625e-07
561 557 1.40625e-07
557 562 1.8e-06
557 563 1.8e-06
557 564 1.8e-06
557 565 1.8e-06
557 566 1.8e-06
557 567 1.8e-06
557 568 1.8e-06
557 569 1.8e-06
557 576 1.8e-06
557 577 1.8e-06
557 578 1.8e-06
557 579 1.8e-06
557 580 1.8e-06
557 581 1.8e-06
557 582 1.8e-06
557 583 1.8e-06
557 584 1.8e-06
557 585 1.8e-06
557 586 1.8e-06
557 587 1.8e-06
557 588 1.8e-06
557 589 1.8e-06
557 590 1.8e-06
557 591 1.8e-06
557 592 1.8e-06
557 593 1.8e-06
557 594 1.8e-06
557 595 1.8e-06
557 596 1.8e-06
557 597 1.8e-06
557 598 1.8e-06
557 599 1.8e-06
562 583 1.40625e-07
563 583 1.40625e-07
564 583 1.40625e-07
565 583 1.40625e-07
566 583 1.40625e-07
567 583 1.40625e-07
568 583 1.40625e-07
569 583 1.40625e-07
576 583 1.40625e-07
577 583 1.40625e-07
578 583 1.40625e-07
579 583 1.40625e-07
580 583 1.40625e-07
581 583 1.40625e-07
582 583 1.40625e-07
584 583 1.40625e-07
585 583 1.40625e-07
586 583 1.40625e-07
587 583 1.40625e-07
588 583 1.40625e-07
589 583 1.40625e-07
590 583 1.40625e-07
591 583 1.40625e-07
592 583 1.40625e-07
593 583 1.40625e-07
594 583 1.40625e-07
595 583 1.40625e-07
596 583 1.40625e-07
597 583 1.40625e-07
598 583 1.40625e-07
599 583 1.40625e-07
583 570 7.2e-06
583 571 7.2e-06
583 572 7.2e-06
583 573 7.2e-06
583 574 7.2e-06
583 575 7.2e-06
583 600 7.2e-06
583 601 7.2e-06
583 602 7.2e-06
583 603 7.2e-06
583 604 7.2e-06
583 605 7.2e-06
583 606 7.2e-06
583 607 7.2e-06
583 608 7.2e-06
583 609 7.2e-06
583 610 7.2e-06
583 611 7.2e-06
583 612 7.2e-06
583 613 7.2e-06
583 614 7.2e-06
583 615 7.2e-06
583 616 7.2e-06
583 617 7.2e-06
583 618 7.2e-06
583 619 7.2e-06
583 620 7.2e-06
583 621 7.2e-06
583 622 7.2e-06
583 623 7.2e-06
583 624 7.2e-06
583 625 7.2e-06
570 612 3.515625e-08
571 612 3.515625e-08
572 612 3.515625e-08
573 612 3.515625e-08
574 612 3.515625e-08
575 612 3.515625e-08
600 612 3.515625e-08
601 612 3.515625e-08
602 612 3.515625e-08
603 612 3.515625e-08
604 612 3.515625e-08
605 612 3.515625e-08
606 612 3.515625e-08
607 612 3.515625e-08
608 612 3.515625e-08
609 612 3.515625e-08
610 612 3.515625e-08
611 612 3.515625e-08
613 612 3.515625e-08
614 612 3.515625e-08
615 612 3.515625e-08
616 612 3.515625e-08
617 612 3.515625e-08
618 612 3.515625e-08
619 612 3.515625e-08
620 612 3.515625e-08
621 612 3.515625e-08
622 612 3.515625e-08
623 612 3.515625e-08
624 612 3.515625e-08
625 612 3.515625e-08
612 626 2.4e-06
612 627 2.4e-06
612 628 2.4e-06
612 629 2.4e-06
612 640 2.4e-06
612 641 2.4e-06
612 642 2.4e-06
612 643 2.4e-06
612 644 2.4e-06
612 645 2.4e-06
612 646 2.4e-06
612 647 2.4e-06
612 648 2.4e-06
612 649 2.4e-06
612 650 2.4e-06
612 651 2.4e-06
612 652 2.4e-06
612 653 2.4e-06
612 654 2.4e-06
612 655 2.4e-06
612 656 2.4e-06
612 657 2.4e-06
612 658 2.4e-06
612 659 2.4e-06
626 644 1.40625e-07
627 644 1.40625e-07
628 644 1.40625e-07
629 644 1.40625e-07
640 644 1.40625e-07
641 644 1.40625e-07
642 644 1.40625e-07
643 644 1.40625e-07
645 644 1.40625e-07
646 644 1.40625e-07
647 644 1.40625e-07
648 644 1.40625e-07
649 644 1.40625e-07
650 644 1.40625e-07
651 644 1.40625e-07
652 644 1.40625e-07
653 644 1.40625e-07
654 644 1.40625e-07
655 644 1.40625e-07
656 644 1.40625e-07
657 644 1.40625e-07
658 644 1.40625e-07
659 644 1.40625e-07
644 630 1.08e-05
644 631 1.08e-05
644 632 1.08e-05
644 633 1.08e-05
644 634 1.08e-05
644 635 1.08e-05
644 636 1.08e-05
644 637 1.08e-05
644 638 1.08e-05
644 639 1.08e-05
644 660 1.08e-05
644 661 1.08e-05
644 662 1.08e-05
644 663 1.08e-05
644 664 1.08e-05
644 665 1.08e-05
630 665 1.40625e-07
631 665 1.40625e-07
632 665 1.40625e-07
633 665 1.40625e-07
634 665 1.40625e-07
635 665 1.40625e-07
636 665 1.40625e-07
637 665 1.40625e-07
638 665 1.40625e-07
639 665 1.40625e-07
660 665 1.40625e-07
661 665 1.40625e-07
662 665 1.40625e-07
663 665 1.40625e-07
664 665 1.40625e-07
665 666 7.2e-06
665 667 7.2e-06
665 668 7.2e-06
665 669 7.2e-06
665 670 7.2e-06
665 671 7.2e-06
665 672 7.2e-06
665 673 7.2e-06
665 674 7.2e-06
665 675 7.2e-06
665 676 7.2e-06
665 677 7.2e-06
665 678 7.2e-06
665 679 7.2e-06
665 680 7.2e-06
665 681 7.2e-06
666 674 1.40625e-07
667 674 1.40625e-07
668 674 1.40625e-07
669 674 1.40625e-07
670 674 1.40625e-07
671 674 1.40625e-07
672 674 1.40625e-07
673 674 1.40625e-07
675 674 1.40625e-07
676 674 1.40625e-07
677 674 1.40625e-07
678 674 1.40625e-07
679 674 1.40625e-07
680 674 1.40625e-07
681 674 1.40625e-07
674 682 9.701052631578948e-05
674 683 3.7894736842105264e-07
674 684 6.063157894736842e-06
674 685 3.7894736842105264e-07
674 686 3.7894736842105264e-07
674 687 3.7894736842105264e-07
674 688 3.7894736842105264e-07
674 689 3.7894736842105264e-07
674 694 3.7894736842105264e-07
674 695 3.7894736842105264e-07
674 696 3.7894736842105264e-07
674 697 3.7894736842105264e-07
674 698 3.7894736842105264e-07
674 699 3.7894736842105264e-07
674 700 3.7894736842105264e-07
674 701 3.7894736842105264e-07
674 702 3.7894736842105264e-07
674 703 3.7894736842105264e-07
674 704 3.7894736842105264e-07
674 705 3.7894736842105264e-07
674 706 3.7894736842105264e-07
674 707 3.7894736842105264e-07
674 708 3.7894736842105264e-07
674 709 3.7894736842105264e-07
674 710 3.7894736842105264e-07
674 711 3.7894736842105264e-07
674 712 3.7894736842105264e-07
674 713 3.7894736842105264e-07
674 714 3.7894736842105264e-07
674 715 3.7894736842105264e-07
674 716 3.7894736842105264e-07
674 717 3.7894736842105264e-07
674 718 3.7894736842105264e-07
674 719 3.7894736842105264e-07
682 698 1.8947368421052632e-06
683 698 7.401315789473684e-09
684 698 1.1842105263157895e-07
685 698 7.401315789473684e-09
686 698 7.401315789473684e-09
687 698 7.401315789473684e-09
688 698 7.401315789473684e-09
689 698 7.401315789473684e-09
694 698 7.401315789473684e-09
695 698 7.401315789473684e-09
696 698 7.401315789473684e-09
697 698 7.401315789473684e-09
699 698 7.401315789473684e-09
700 698 7.401315789473684e-09
701 698 7.401315789473684e-09
702 698 7.401315789473684e-09
703 698 7.401315789473684e-09
704 698 7.401315789473684e-09
705 698 7.401315789473684e-09
706 698 7.401315789473684e-09
707 698 7.401315789473684e-09
708 698 7.401315789473684e-09
709 698 7.401315789473684e-09
710 698 7.401315789473684e-09
711 698 7.401315789473684e-09
712 698 7.401315789473684e-09
713 698 7.401315789473684e-09
714 698 7.401315789473684e-09
715 698 7.401315789473684e-09
716 698 7.401315789473684e-09
717 698 7.401315789473684e-09
718 698 7.401315789473684e-09
719 698 7.401315789473684e-09
698 690 7.2e-06
698 691 7.2e-06
698 692 7.2e-06
698 693 7.2e-06
698 720 7.2e-06
698 721 7.2e-06
698 722 7.2e-06
698 723 7.2e-06
698 724 7.2e-06
698 725 7.2e-06
698 726 7.2e-06
698 727 7.2e-06
698 728 7.2e-06
698 729 7.2e-06
698 730 7.2e-06
698 731 7.2e-06
690 725 1.40625e-07
691 725 1.40625e-07
692 725 1.40625e-07
693 725 1.40625e-07
720 725 1.40625e-07
721 725 1.40625e-07
722 725 1.40625e-07
723 725 1.40625e-07
724 725 1.40625e-07
726 725 1.40625e-07
727 725 1.40625e-07
728 725 1.40625e-07
729 725 1.40625e-07
730 725 1.40625e-07
731 725 1.40625e-07
725 732 7.2e-06
725 733 7.2e-06
725 734 7.2e-06
725 735 7.2e-06
725 736 7.2e-06
725 737 7.2e-06
725 738 7.2e-06
725 739 7.2e-06
725 740 7.2e-06
725 741 7.2e-06
725 742 7.2e-06
725 743 7.2e-06
725 744 7.2e-06
725 745 7.2e-06
725 746 7.2e-06
725 747 7.2e-06
732 739 1.7578125e-08
733 739 1.7578125e-08
734 739 1.7578125e-08
735 739 1.7578125e-08
736 739 1.7578125e-08
737 739 1.7578125e-08
738 739 1.7578125e-08
740 739 1.7578125e-08
741 739 1.7578125e-08
742 739 1.7578125e-08
743 739 1.7578125e-08
744 739 1.7578125e-08
745 739 1.7578125e-08
746 739 1.7578125e-08
747 739 1.7578125e-08
739 748 9e-07
739 749 9e-07
739 766 9e-07
739 767 9e-07
739 768 9e-07
739 769 9e-07
739 770 9e-07
739 771 9e-07
739 772 9e-07
739 773 9e-07
739 774 9e-07
739 775 9e-07
739 776 9e-07
739 777 9e-07
739 778 9e-07
739 779 9e-07
748 770 1.7578125e-08
749 770 1.7578125e-08
766 770 1.7578125e-08
767 770 1.7578125e-08
768 770 1.7578125e-08
769 770 1.7578125e-08
771 770 1.7578125e-08
772 770 1.7578125e-08
773 770 1.7578125e-08
774 770 1.7578125e-08
775 770 1.7578125e-08
776 770 1.7578125e-08
777 770 1.7578125e-08
778 770 1.7578125e-08
779 770 1.7578125e-08
770 750 9e-07
770 751 9e-07
770 752 9e-07
770 753 9e-07
770 754 9e-07
770 755 9e-07
770 756 9e-07
770 757 9e-07
770 758 9e-07
770 759 9e-07
770 760 9e-07
770 761 9e-07
770 762 9e-07
770 763 9e-07
770 764 9e-07
770 765 9e-07
750 758 1.7578125e-08
751 758 1.7578125e-08
752 758 1.7578125e-08
753 758 1.7578125e-08
754 758 1.7578125e-08
755 758 1.7578125e-08
756 758 1.7578125e-08
757 758 1.7578125e-08
759 758 1.7578125e-08
760 758 1.7578125e-08
761 758 1.7578125e-08
762 758 1.7578125e-08
763 758 1.7578125e-08
764 758 1.7578125e-08
765 758 1.7578125e-08
758 780 9e-07
758 781 9e-07
758 782 9e-07
758 783 9e-07
758 784 9e-07
758 785 9e-07
758 786 9e-07
758 787 9e-07
758 788 9e-07
758 789 9e-07
758 790 9e-07
758 791 9e-07
758 792 9e-07
758 793 9e-07
758 794 9e-07
758 795 9e-07
780 788 1.7578125e-08
781 788 1.7578125e-08
782 788 1.7578125e-08
783 788 1.7578125e-08
784 788 1.7578125e-08
785 788 1.7578125e-08
786 788 1.7578125e-08
787 788 1.7578125e-08
789 788 1.7578125e-08
790 788 1.7578125e-08
791 788 1.7578125e-08
792 788 1.7578125e-08
793 788 1.7578125e-08
794 788 1.7578125e-08
795 788 1.7578125e-08
788 796 1.8e-06
788 797 1.8e-06
788 798 1.8e-06
788 799 1.8e-06
788 800 1.8e-06
788 801 1.8e-06
788 802 1.8e-06
788 803 1.8e-06
796 797 1.40625e-07
798 797 1.40625e-07
799 797 1.40625e-07
800 797 1.40625e-07
801 797 1.40625e-07
802 797 1.40625e-07
803 797 1.40625e-07
797 804 1.8e-06
797 805 1.8e-06
797 806 1.8e-06
797 807 1.8e-06
797 808 1.8e-06
797 809 1.8e-06
797 814 1.8e-06
797 815 1.8e-06
797 816 1.8e-06
797 817 1.8e-06
797 818 1.8e-06
797 819 1.8e-06
797 820 1.8e-06
797 821 1.8e-06
797 822 1.8e-06
797 823 1.8e-06
797 824 1.8e-06
797 825 1.8e-06
797 826 1.8e-06
797 827 1.8e-06
797 828 1.8e-06
797 829 1.8e-06
797 830 1.8e-06
797 831 1.8e-06
797 832 1.8e-06
797 833 1.8e-06
797 834 1.8e-06
797 835 1.8e-06
797 836 1.8e-06
797 837 1.8e-06
797 838 1.8e-06
797 839 1.8e-06
804 824 1.40625e-07
805 824 1.40625e-07
806 824 1.40625e-07
807 824 1.40625e-07
808 824 1.40625e-07
809 824 1.40625e-07
814 824 1.40625e-07
815 824 1.40625e-07
816 824 1.40625e-07
817 824 1.40625e-07
818 824 1.40625e-07
819 824 1.40625e-07
820 824 1.40625e-07
821 824 1.40625e-07
822 824 1.40625e-07
823 824 1.40625e-07
825 824 1.40625e-07
826 824 1.40625e-07
827 824 1.40625e-07
828 824 1.40625e-07
829 824 1.40625e-07
830 824 1.40625e-07
831 824 1.40625e-07
832 824 1.40625e-07
833 824 1.40625e-07
834 824 1.40625e-07
835 824 1.40625e-07
836 824 1.40625e-07
837 824 1.40625e-07
838 824 1.40625e-07
839 824 1.40625e-07
824 810 7.2e-06
824 811 7.2e-06
824 812 7.2e-06
824 813 7.2e-06
824 840 7.2e-06
824 841 7.2e-06
824 842 7.2e-06
824 843 7.2e-06
824 844 7.2e-06
824 845 7.2e-06
824 846 7.2e-06
824 847 7.2e-06
824 848 7.2e-06
824 849 7.2e-06
824 850 7.2e-06
824 851 7.2e-06
824 852 7.2e-06
824 853 7.2e-06
824 854 7.2e-06
824 855 7.2e-06
824 856 7.2e-06
824 857 7.2e-06
824 858 7.2e-06
824 859 7.2e-06
824 860 7.2e-06
824 861 7.2e-06
824 862 7.2e-06
824 863 7.2e-06
824 864 7.2e-06
824 865 7.2e-06
824 866 7.2e-06
824 867 7.2e-06
810 853 3.515625e-08
811 853 3.515625e-08
812 853 3.515625e-08
813 853 3.515625e-08
840 853 3.515625e-08
841 853 3.515625e-08
842 853 3.515625e-08
843 853 3.515625e-08
844 853 3.515625e-08
845 853 3.515625e-08
846 853 3.515625e-08
847 853 3.515625e-08
848 853 3.515625e-08
849 853 3.515625e-08
850 853 3.515625e-08
851 853 3.515625e-08
852 853 3.515625e-08
854 853 3.515625e-08
855 853 3.515625e-08
856 853 3.515625e-08
857 853 3.515625e-08
858 853 3.515625e-08
859 853 3.515625e-08
860 853 3.515625e-08
861 853 3.515625e-08
862 853 3.515625e-08
863 853 3.515625e-08
864 853 3.515625e-08
865 853 3.515625e-08
866 853 3.515625e-08
867 853 3.515625e-08
