270 266 264 267 382 424 211 205 200 195 191 187 184 181 179 178 177 46 18 15 19
269 265 263 383 376 384 212 210 204 199 194 190 186 183 180 108 176 41 8 14 17
271 268 385 377 371 378 386 357 209 203 198 193 189 185 182 101 42 39 43 16 20
272 387 379 372 369 373 358 346 359 208 202 197 192 188 102 96 103 38 40 45 21
273 381 375 370 368 360 347 338 348 361 207 201 196 81 97 94 98 104 44 24 22
274 276 380 374 362 349 339 333 340 350 363 206 82 75 83 93 95 100 107 26 23
275 278 281 364 351 341 334 329 335 342 352 4 76 72 77 84 99 106 31 28 25
277 280 284 356 345 337 331 328 332 50 5 1 6 71 74 80 105 109 34 30 27
279 283 287 367 355 344 336 330 51 48 52 0 3 73 79 116 112 110 37 33 29
282 286 290 294 366 354 343 54 49 47 10 2 7 78 86 120 114 111 115 36 32
285 289 293 298 303 365 353 161 53 12 9 13 69 85 55 124 118 113 119 425 35
288 292 297 302 308 245 162 155 151 149 11 70 63 58 56 59 122 117 123 426 427
291 296 301 307 248 246 92 159 153 150 154 160 67 61 57 62 68 121 419 428 429
295 300 306 253 250 247 89 87 157 152 158 215 213 65 60 66 412 414 416 430 431
299 305 262 257 252 249 91 88 164 156 165 217 214 218 64 240 411 413 415 418 432
304 310 131 261 255 251 256 90 388 163 225 220 216 221 226 232 241 172 417 323 433
309 132 127 125 259 254 260 391 389 238 230 223 219 224 231 239 166 168 173 317 324
142 136 129 126 130 258 398 393 390 394 236 228 222 229 237 170 167 171 311 313 318
147 140 134 128 135 141 148 396 392 397 402 234 227 235 420 175 169 315 312 316 322
434 145 138 133 139 146 405 400 395 401 406 243 233 244 421 423 174 320 314 321 327
435 436 143 137 144 409 407 403 399 404 408 410 242 437 422 438 439 325 319 326 440
