0 0 0.17237524680331356 0
0 1 0.17237524680331356 0
1 0 0.17237524680331356 0
2 0 0.17237524680331356 0
1 1 0.17237524680331356 0
0 2 0.17237524680331356 0
0 3 0.17237524680331356 0
1 2 0.17237524680331356 0
2 1 0.0061301360000000004 1
3 0 0.17237524680331356 2
4 0 0.17237524680331356 2
3 1 0.17237524680331356 2
2 2 0.17237524680331356 2
1 3 0.17237524680331356 2
0 4 0.17237524680331356 2
0 5 0.17237524680331356 2
1 4 0.17237524680331356 2
2 3 0.17237524680331356 3
3 2 0.17237524680331356 3
4 1 0.17237524680331356 3
5 0 0.17237524680331356 3
6 0 0.17237524680331356 3
5 1 0.17237524680331356 3
4 2 0.17237524680331356 3
3 3 0.17237524680331356 3
2 4 0.17237524680331356 5
1 5 0.17237524680331356 5
0 6 0.17237524680331356 5
0 7 0.17237524680331356 5
1 6 0.17237524680331356 5
2 5 0.17237524680331356 5
3 4 0.17237524680331356 5
4 3 0.17237524680331356 5
5 2 0.17237524680331356 6
6 1 0.17237524680331356 6
7 0 0.17237524680331356 6
8 0 0.17237524680331356 6
7 1 0.17237524680331356 6
6 2 0.17237524680331356 6
5 3 0.17237524680331356 6
4 4 0.17237524680331356 6
3 5 0.17237524680331356 8
2 6 0.17237524680331356 8
1 7 0.17237524680331356 8
0 8 0.17237524680331356 8
0 9 0.17237524680331356 8
1 8 0.17237524680331356 8
2 7 0.17237524680331356 8
3 6 0.17237524680331356 8
4 5 0.17237524680331356 9
5 4 0.17237524680331356 9
6 3 0.17237524680331356 9
7 2 0.17237524680331356 9
8 1 0.17237524680331356 9
9 0 0.17237524680331356 9
10 0 0.17237524680331356 9
9 1 0.17237524680331356 9
8 2 0.17237524680331356 9
7 3 0.17237524680331356 9
6 4 0.17237524680331356 9
5 5 0.17237524680331356 9
4 6 0.17237524680331356 9
3 7 0.17237524680331356 9
2 8 0.17237524680331356 9
1 9 0.17237524680331356 9
0 10 0.17237524680331356 10
0 11 0.17237524680331356 10
1 10 0.17237524680331356 10
2 9 0.17237524680331356 10
3 8 0.17237524680331356 10
4 7 0.17237524680331356 10
5 6 0.17237524680331356 10
6 5 0.17237524680331356 10
7 4 0.17237524680331356 12
8 3 0.17237524680331356 12
9 2 0.17237524680331356 12
10 1 0.17237524680331356 12
11 0 0.17237524680331356 12
12 0 0.17237524680331356 12
11 1 0.17237524680331356 12
10 2 0.17237524680331356 12
9 3 0.17237524680331356 12
8 4 0.17237524680331356 12
7 5 0.17237524680331356 12
6 6 0.17237524680331356 12
5 7 0.17237524680331356 12
4 8 0.17237524680331356 12
3 9 0.17237524680331356 12
2 10 0.17237524680331356 12
1 11 0.17237524680331356 13
0 12 0.17237524680331356 13
0 13 0.17237524680331356 13
1 12 0.17237524680331356 13
2 11 0.17237524680331356 13
3 10 0.17237524680331356 13
4 9 0.17237524680331356 13
5 8 0.17237524680331356 13
6 7 0.17237524680331356 13
7 6 0.17237524680331356 13
8 5 0.17237524680331356 13
9 4 0.17237524680331356 13
10 3 0.17237524680331356 13
11 2 0.17237524680331356 13
12 1 0.17237524680331356 13
13 0 0.17237524680331356 13
14 0 1.7904847953136092 15
13 1 0.10114543358674558 15
12 2 0.10114543358674558 15
11 3 0.17237524680331356 15
10 4 0.17237524680331356 15
9 5 0.17237524680331356 15
8 6 0.17237524680331356 15
7 7 0.18712776285349111 15
6 8 7.1770890217751475 15
5 9 0.10114543358674558 15
4 10 0.35932514842698227 15
3 11 0.18712776285349111 15
2 12 0.17237524680331356 16
1 13 0.17237524680331356 16
0 14 0.17237524680331356 16
0 15 0.17237524680331356 16
1 14 0.17237524680331356 16
2 13 0.17237524680331356 16
3 12 0.17237524680331356 16
4 11 0.17237524680331356 16
5 10 0.17237524680331356 16
6 9 0.17237524680331356 16
7 8 0.17237524680331356 16
8 7 0.17237524680331356 16
9 6 0.17237524680331356 16
10 5 0.17237524680331356 16
11 4 0.17237524680331356 16
12 3 0.17237524680331356 16
13 2 0.17237524680331356 16
14 1 0.17237524680331356 16
15 0 0.17237524680331356 16
16 0 0.17237524680331356 16
15 1 0.17237524680331356 16
14 2 0.17237524680331356 16
13 3 0.17237524680331356 16
12 4 0.17237524680331356 16
11 5 0.17237524680331356 17
10 6 0.17237524680331356 17
9 7 0.17237524680331356 17
8 8 0.17237524680331356 17
7 9 0.17237524680331356 17
6 10 0.17237524680331356 17
5 11 0.17237524680331356 17
4 12 0.17237524680331356 17
3 13 0.17237524680331356 17
2 14 0.17237524680331356 17
1 15 0.17237524680331356 17
0 16 0.17237524680331356 17
0 17 0.17237524680331356 17
1 16 0.17237524680331356 17
2 15 0.17237524680331356 17
3 14 0.17237524680331356 17
4 13 0.17237524680331356 19
5 12 0.17237524680331356 19
6 11 0.17237524680331356 19
7 10 0.17237524680331356 19
8 9 0.17237524680331356 19
9 8 0.17237524680331356 19
10 7 0.17237524680331356 19
11 6 0.17237524680331356 19
12 5 0.17237524680331356 19
13 4 0.17237524680331356 19
14 3 0.17237524680331356 19
15 2 0.17237524680331356 19
16 1 0.17237524680331356 19
17 0 0.17237524680331356 19
18 0 0.17237524680331356 19
17 1 0.17237524680331356 19
16 2 0.17237524680331356 19
15 3 0.17237524680331356 19
14 4 0.17237524680331356 19
13 5 0.17237524680331356 19
12 6 0.17237524680331356 19
11 7 0.17237524680331356 19
10 8 0.17237524680331356 19
9 9 0.17237524680331356 19
8 10 0.17237524680331356 20
7 11 0.17237524680331356 20
6 12 0.17237524680331356 20
5 13 0.17237524680331356 20
4 14 0.17237524680331356 20
3 15 0.17237524680331356 20
2 16 0.17237524680331356 20
1 17 0.17237524680331356 20
0 18 0.17237524680331356 20
0 19 0.17237524680331356 20
1 18 0.17237524680331356 20
2 17 0.17237524680331356 20
3 16 0.17237524680331356 20
4 15 0.17237524680331356 20
5 14 0.17237524680331356 20
6 13 0.17237524680331356 20
7 12 0.17237524680331356 20
8 11 0.17237524680331356 20
9 10 0.17237524680331356 20
10 9 0.17237524680331356 20
11 8 0.17237524680331356 20
12 7 0.17237524680331356 20
13 6 0.17237524680331356 20
14 5 0.17237524680331356 20
15 4 0.17237524680331356 22
16 3 0.17237524680331356 22
17 2 0.17237524680331356 22
18 1 0.17237524680331356 22
19 0 0.17237524680331356 22
19 1 0.17237524680331356 22
18 2 0.17237524680331356 22
17 3 0.17237524680331356 22
16 4 0.17237524680331356 22
15 5 0.17237524680331356 22
14 6 0.17237524680331356 22
13 7 0.17237524680331356 22
12 8 0.17237524680331356 22
11 9 0.17237524680331356 22
10 10 0.17237524680331356 22
9 11 0.17237524680331356 22
8 12 0.17237524680331356 22
7 13 0.17237524680331356 22
6 14 0.17237524680331356 22
5 15 0.17237524680331356 22
4 16 0.17237524680331356 22
3 17 0.17237524680331356 22
2 18 0.17237524680331356 22
1 19 0.17237524680331356 22
2 19 0.17237524680331356 23
3 18 0.17237524680331356 23
4 17 0.17237524680331356 23
5 16 0.17237524680331356 23
6 15 0.17237524680331356 23
7 14 0.17237524680331356 23
8 13 0.17237524680331356 23
9 12 0.17237524680331356 23
10 11 0.17237524680331356 23
11 10 0.17237524680331356 23
12 9 0.17237524680331356 23
13 8 0.17237524680331356 23
14 7 0.17237524680331356 23
15 6 0.17237524680331356 23
16 5 0.17237524680331356 23
17 4 0.17237524680331356 23
18 3 0.17237524680331356 23
19 2 0.17237524680331356 23
19 3 0.17237524680331356 23
18 4 0.17237524680331356 23
17 5 0.17237524680331356 23
16 6 0.17237524680331356 23
15 7 0.17237524680331356 23
14 8 0.17237524680331356 23
13 9 0.17237524680331356 23
12 10 0.17237524680331356 23
11 11 0.17237524680331356 23
10 12 0.17237524680331356 23
9 13 0.17237524680331356 23
8 14 0.17237524680331356 23
7 15 0.17237524680331356 23
6 16 0.17237524680331356 23
5 17 0.17237524680331356 23
4 18 0.17237524680331356 23
3 19 0.17237524680331356 23
4 19 0.17237524680331356 23
5 18 0.17237524680331356 23
6 17 0.17237524680331356 23
7 16 0.17237524680331356 23
8 15 0.17237524680331356 23
9 14 0.17237524680331356 24
10 13 0.17237524680331356 24
11 12 0.17237524680331356 24
12 11 0.17237524680331356 24
13 10 0.17237524680331356 24
14 9 0.17237524680331356 24
15 8 0.17237524680331356 24
16 7 0.17237524680331356 24
17 6 0.17237524680331356 24
18 5 0.17237524680331356 24
19 4 0.17237524680331356 24
19 5 0.17237524680331356 24
18 6 0.17237524680331356 24
17 7 0.17237524680331356 24
16 8 0.17237524680331356 24
15 9 0.17237524680331356 24
14 10 0.17237524680331356 24
13 11 0.17237524680331356 24
12 12 0.17237524680331356 24
11 13 0.17237524680331356 24
10 14 0.17237524680331356 24
9 15 0.17237524680331356 24
8 16 0.17237524680331356 24
7 17 0.17237524680331356 24
6 18 0.17237524680331356 26
5 19 0.17237524680331356 26
6 19 0.17237524680331356 26
7 18 0.17237524680331356 26
8 17 0.17237524680331356 26
9 16 0.17237524680331356 26
10 15 0.17237524680331356 26
11 14 0.17237524680331356 26
12 13 0.17237524680331356 26
13 12 0.17237524680331356 26
14 11 0.17237524680331356 26
15 10 0.17237524680331356 26
16 9 0.17237524680331356 26
17 8 0.17237524680331356 26
18 7 0.17237524680331356 26
19 6 0.17237524680331356 26
19 7 0.17237524680331356 26
18 8 0.17237524680331356 26
17 9 0.17237524680331356 26
16 10 0.17237524680331356 26
15 11 0.17237524680331356 26
14 12 0.17237524680331356 26
13 13 0.17237524680331356 26
12 14 0.17237524680331356 26
11 15 0.17237524680331356 26
10 16 0.17237524680331356 26
9 17 0.17237524680331356 26
8 18 0.17237524680331356 26
7 19 0.17237524680331356 26
8 19 0.17237524680331356 26
9 18 0.17237524680331356 26
10 17 0.17237524680331356 26
11 16 0.17237524680331356 26
12 15 0.17237524680331356 26
13 14 0.17237524680331356 26
14 13 0.17237524680331356 26
15 12 0.17237524680331356 26
16 11 0.17237524680331356 26
17 10 0.17237524680331356 26
18 9 0.17237524680331356 26
19 8 0.17237524680331356 27
19 9 0.17237524680331356 27
18 10 0.17237524680331356 27
17 11 0.17237524680331356 27
16 12 0.17237524680331356 27
15 13 0.17237524680331356 27
14 14 0.17237524680331356 27
13 15 0.17237524680331356 27
12 16 0.17237524680331356 27
11 17 0.17237524680331356 27
10 18 0.17237524680331356 27
9 19 0.17237524680331356 27
10 19 0.17237524680331356 27
11 18 0.17237524680331356 27
12 17 0.17237524680331356 27
13 16 0.17237524680331356 27
14 15 0.17237524680331356 27
15 14 0.17237524680331356 27
16 13 0.17237524680331356 27
17 12 0.17237524680331356 27
18 11 0.17237524680331356 27
19 10 0.17237524680331356 27
19 11 0.17237524680331356 27
18 12 0.17237524680331356 27
17 13 0.17237524680331356 27
16 14 0.17237524680331356 27
15 15 0.17237524680331356 27
14 16 0.17237524680331356 27
13 17 0.17237524680331356 27
12 18 0.17237524680331356 27
11 19 0.17237524680331356 27
12 19 0.17237524680331356 27
13 18 0.17237524680331356 27
14 17 0.17237524680331356 27
15 16 0.17237524680331356 27
16 15 0.17237524680331356 27
17 14 0.17237524680331356 27
18 13 0.17237524680331356 27
19 12 0.17237524680331356 27
19 13 0.17237524680331356 27
18 14 0.17237524680331356 29
17 15 0.17237524680331356 29
16 16 0.17237524680331356 29
15 17 0.17237524680331356 29
14 18 0.17237524680331356 29
13 19 0.17237524680331356 29
14 19 0.17237524680331356 29
15 18 0.17237524680331356 29
16 17 0.17237524680331356 29
17 16 0.17237524680331356 29
18 15 0.17237524680331356 29
19 14 0.17237524680331356 29
19 15 0.17237524680331356 29
18 16 0.17237524680331356 29
17 17 0.17237524680331356 29
16 18 0.17237524680331356 29
15 19 0.17237524680331356 30
16 19 0.17237524680331356 30
17 18 0.17237524680331356 30
18 17 0.17237524680331356 30
19 16 0.17237524680331356 30
19 17 0.17237524680331356 30
18 18 0.17237524680331356 30
17 19 0.17237524680331356 30
